matchCR155 = 0.00012515;
matchCR195 = 0.00024182;
